01 S01 80 85 84
02 S01 30 90 72
03 S01 60 90 81
04 S01 80 90 87
05 S01 70 60 63
06 S01 60 60 60
07 S01 10 20 17
01 P03 50 82 69
02 P03 21 99 68
03 P03 40 20 28
04 P03 20 50 38
05 P03 40 80 64
06 P03 20 20 20
07 P03 90 80 84
01 P01 32 90 67
02 P01 78 90 85
03 P01 80 70 74
04 P01 50 40 44
05 P01 30 50 42
06 P01 80 90 86
07 P01 90 99 95
01 S03 10 40 31
02 S03 90 80 83
03 S03 70 60 63
04 S03 50 20 29
05 S03 80 20 38
06 S03 0 0 0
07 S03 20 80 62
01 P02 50 70 62
02 P02 30 90 66
03 P02 40 50 46
04 P02 100 30 58
05 P02 70 3 30
06 P02 70 55 61
07 P02 99 98 98
01 S02 99 88 91
02 S02 90 70 76
03 S02 88 58 67
04 S02 100 100 100
05 S02 80 30 45
06 S02 70 56 60
07 S02 66 84 79
